275
152
380
428
276
97
426
2
243
407
555



442
413
38
286
102
75
210
113
387
429
405
431
471
66
49
134
179
85
353
171
212
273
391
312
499
301
488
504
92
325
443
225
139
348
155
92
262
492
126
174
433
472
276
366
475
171
16
94
38
12
270
205
179
113
475
153
220
119
414
301
71
229
145
331
427
302
424
65
437
484
116
155
16
194
407
116
139
330
470
245
42
94
145
144
356
423
394
93
174
242
212
57
35
350
161
243
286
62
120
418
397
171
222
386
31
431
292
222
89
359
26
316
488
129
291
166
279
223
385
78
14
503
310
476
497
462
191
261
210
109
216
482
390
20
170
476
453
276
447
450
364
203
429
126
340
495
288
486
56
254
307
324
289
333
383
17
44
404
336
36
414
384
411
332
416
354
199
472
383
393
135
164
77
183
104
372
398
363
91
356
80
260
335
452
139
481
337
487
136
464
256
403
179
18
330
402
416
282
392
272
466
25
123
370
458
236
235
187
436
128
238
219
126
25
463
412
218
495
80
337
429
372
55
263
90
477
302
236
183
475
31
264
358
339
296
108
259
291
440
332
73
304
298
195
99
174
308
457
438
276
326
359
185
231
134
184
157
276
496
447
358
249
152
263
470
225
89
468
416
309
446
374
280
315
173
221
154
389
36
317
236
412
152
199
298
238
378
177
30
371